image: 1026.pgm
resolution: 0.030000
origin: [-34.950000, -58.950000, 0.000000]
negate: 0
occupied_thresh: 0.65
free_thresh: 0.196