image: EngBuild0-1.pgm
resolution: 0.030000
origin: [-20.550000, -22.470000, 0.000000]
negate: 0
occupied_thresh: 0.65
free_thresh: 0.196

