image: EngBuild3-Restricted.png
resolution: 0.030000
origin: [-74.310000, -21.510000, 0.000000]
negate: 0
occupied_thresh: 0.65
free_thresh: 0.196

