image: EngBuild1.png
resolution: 0.030000
origin: [-9.990000, -29.190000, 0.000000]
negate: 0
occupied_thresh: 0.65
free_thresh: 0.196

