image: engineering_building_sim_0905.pgm
resolution: 0.030000
origin: [-61.830000, -20.550000, 0.000000]
negate: 0
occupied_thresh: 0.65
free_thresh: 0.196

